478.11 451.7 836.94 588.18 222.01 
331.87 544.93 799.2 206.11 630.04 
148.39 988.21 234.12 310.04 809.31 
693.99 953.7 647.52 359.19 351.36 
469.28 220.75 428.05 446.74 958.1 
41.18 827.59 201.46 845.63 773.31 
442.95 462.2 293.82 200.46 614.46 
115.01 591.16 767.41 513.97 591.41 
448.3 923.88 216.79 844.26 810.23 
87.25 801.11 160.41 277.12 902.25 
961.09 28.59 131.72 557.27 847.05 
803.17 293.4 971.11 604.98 306.44 
185.21 47.65 588.11 963.05 415.49 
678.18 576.05 553.98 22.05 158.39 
45.22 385.73 692.53 913.21 957.62 
783.72 449.23 245.8 374.43 792.57 
81.73 117.3 775.49 666.27 494.21 
535.02 568.17 4.84 719.86 326.09 
965.15 480.83 258.77 769.91 356.0 
408.84 922.13 962.06 865.15 640.48 
705.98 217.73 884.95 317.22 356.34 
491.54 243.88 856.15 399.35 255.45 
620.27 120.65 700.03 431.36 544.14 
645.86 925.12 150.52 906.64 718.01 
248.27 200.96 660.57 381.87 32.54 
271.87 210.88 364.39 807.21 408.19 
159.03 736.45 533.11 894.46 750.53 
189.84 915.81 552.46 7.13 492.13 
61.26 192.42 905.28 57.44 600.59 
213.65 987.88 622.07 382.83 864.84 
145.59 555.17 335.06 161.02 100.49 
578.96 537.45 982.52 915.15 479.82 
995.7 888.62 174.63 884.1 129.42 
176.77 977.45 48.17 114.41 237.63 
747.8 767.63 439.49 872.98 953.81 
764.02 14.74 734.59 74.1 540.16 
911.09 125.59 697.1 843.16 1.63 
629.18 902.53 872.7 390.91 276.82 
678.02 237.93 800.36 375.53 728.95 
289.63 746.33 708.81 73.86 911.59 
967.92 184.11 922.6 427.98 259.5 
741.69 563.61 746.83 94.46 723.73 
313.33 756.43 553.42 293.8 211.47 
874.68 808.25 755.07 411.08 378.6 
918.51 677.78 268.03 456.75 803.69 
14.58 466.78 424.39 348.74 256.75 
937.98 413.51 571.68 604.93 684.11 
756.18 186.63 577.39 503.8 933.69 
114.46 890.07 576.01 885.65 262.41 
462.04 167.77 33.22 995.37 815.32 
973.99 766.88 240.95 756.06 684.57 
772.89 571.13 294.49 917.89 762.03 
263.44 571.29 926.75 256.97 977.94 
758.52 883.93 973.85 747.85 900.4 
644.82 242.92 982.35 60.83 663.63 
532.9 903.64 96.85 889.34 609.36 
464.65 595.71 324.86 684.25 199.48 
17.66 974.68 13.24 237.85 792.43 
611.5 520.78 239.72 851.55 114.58 
83.62 47.84 917.5 166.57 221.13 
990.4 936.58 673.67 611.89 47.06 
349.14 473.86 513.38 29.45 901.83 
645.83 347.37 98.17 319.2 551.28 
463.2 520.21 85.18 130.91 693.8 
896.64 558.79 874.46 822.93 980.62 
559.65 995.26 74.3 553.54 211.69 
408.01 473.64 816.1 103.77 830.68 
966.96 263.88 2.42 363.81 844.62 
718.75 600.0 814.18 710.33 155.0 
562.7 168.27 549.21 691.01 764.76 
2.74 483.98 92.63 381.04 638.51 
15.2 510.13 7.88 20.27 668.81 
94.22 994.27 335.0 449.43 422.19 
215.12 412.43 378.35 509.88 399.74 
100.74 570.05 330.9 665.97 99.01 
588.6 339.52 388.12 959.76 235.69 
968.46 373.96 515.94 499.13 998.66 
394.25 599.51 466.2 874.44 599.64 
380.65 973.27 727.42 936.98 479.26 
81.98 182.91 775.85 616.93 725.6 
930.9 168.14 551.07 947.5 817.91 
920.02 244.76 790.06 382.63 736.11 
132.1 494.84 888.76 677.64 152.1 
261.6 944.57 12.87 369.21 898.2 
908.42 663.25 155.46 927.3 910.09 
285.96 516.91 813.01 650.27 268.48 
564.73 415.4 994.85 675.59 965.94 
429.61 334.55 396.81 249.0 151.09 
385.5 246.26 433.76 916.11 673.24 
348.12 600.62 501.7 98.87 283.19 
680.93 475.75 666.7 616.76 237.33 
433.51 383.94 942.4 263.52 267.79 
137.77 692.65 871.93 523.96 698.06 
445.41 957.13 825.52 566.94 591.36 
256.72 52.01 190.14 192.69 783.9 
841.67 714.26 242.83 773.27 804.51 
305.78 139.22 782.06 328.8 885.45 
623.98 486.19 976.91 735.39 665.69 
256.65 387.05 189.5 389.74 850.03 
58.31 562.74 772.94 315.98 734.67 
851.02 56.73 579.48 939.34 180.08 
577.9 462.39 957.09 694.12 362.27 
120.99 99.52 795.08 181.92 657.65 
807.36 526.7 95.53 819.65 332.06 
335.09 271.66 245.49 281.95 633.04 
537.44 534.22 85.91 979.59 175.08 
473.02 928.73 332.25 793.26 566.65 
968.6 582.75 197.3 950.07 143.82 
937.61 661.97 883.7 946.71 871.02 
520.58 301.81 249.9 566.39 528.28 
212.31 508.74 511.32 585.44 587.58 
835.21 130.47 140.08 915.65 890.66 
482.94 590.88 747.35 32.27 273.96 
520.31 346.04 610.2 320.48 596.17 
214.28 365.05 663.48 967.95 515.57 
498.49 809.73 351.33 656.62 980.39 
510.26 500.13 672.61 865.04 723.8 
211.14 400.83 182.77 626.52 290.33 
886.8 219.32 579.93 986.18 99.65 
83.62 509.59 475.74 180.24 623.43 
656.28 882.63 995.44 802.98 41.78 
687.06 165.72 648.03 45.11 839.65 
801.23 712.96 972.17 886.56 542.04 
562.39 801.43 814.7 325.63 855.68 
120.64 575.25 594.51 593.05 948.81 
342.59 355.58 286.47 454.88 691.46 
327.26 831.34 741.52 466.98 814.66 
237.29 713.87 721.29 131.54 7.61 
49.81 598.81 528.62 822.13 582.77 
82.72 710.05 956.26 843.87 47.26 
992.03 585.6 545.39 648.02 405.04 
768.55 704.34 266.51 960.19 628.77 
893.71 200.89 547.76 421.92 946.96 
840.72 252.57 155.76 940.22 262.48 
544.35 700.26 236.43 26.55 445.35 
762.78 289.43 578.24 531.08 94.4 
363.26 922.43 278.02 195.14 516.29 
29.26 394.31 84.3 335.49 667.47 
936.38 906.08 216.7 741.68 629.95 
151.16 560.18 167.83 274.93 694.81 
352.83 461.39 453.95 187.83 706.9 
930.84 117.9 57.55 160.94 727.81 
578.29 781.42 208.11 791.6 49.47 
810.79 861.89 438.46 640.25 485.91 
512.52 676.05 220.95 28.18 224.95 
942.32 236.8 41.33 905.89 807.0 
434.15 510.64 390.53 992.39 33.08 
228.82 382.66 357.88 228.74 0.69 
736.95 338.65 848.09 815.51 597.32 
934.82 183.76 274.99 129.44 29.76 
994.22 230.85 149.9 907.51 439.1 
41.15 409.4 720.67 170.77 740.37 
228.84 50.86 531.65 278.94 580.03 
43.24 34.8 144.74 116.76 771.99 
70.23 283.83 808.09 161.4 958.25 
925.79 825.39 636.6 105.05 35.03 
372.48 145.37 537.09 244.74 680.93 
638.82 908.38 354.27 924.55 74.15 
927.79 418.33 208.67 390.1 502.07 
304.84 351.53 134.34 160.48 139.23 
922.37 289.78 900.9 102.01 789.31 
798.89 817.09 246.51 52.28 761.04 
752.56 142.75 983.65 507.05 882.95 
124.43 196.58 734.94 917.69 579.1 
957.29 40.75 66.81 761.3 994.45 
655.44 198.68 367.92 228.44 71.49 
936.24 448.82 7.01 75.01 752.51 
388.48 782.87 713.22 602.88 223.6 
243.27 902.42 550.47 772.65 267.33 
883.75 632.0 620.64 56.13 393.33 
617.56 860.17 31.89 956.21 140.05 
816.7 158.11 88.83 595.35 346.83 
694.45 541.39 206.82 539.55 346.99 
794.87 332.06 228.63 464.02 712.97 
5.36 555.15 949.46 749.62 169.24 
155.33 70.93 525.82 365.71 869.5 
108.72 862.13 865.39 751.63 470.94 
468.1 756.31 353.72 956.55 367.36 
59.39 772.45 404.96 608.9 980.42 
220.58 701.12 746.24 533.49 920.7 
759.77 711.36 351.0 431.82 878.1 
793.53 204.26 923.51 203.98 52.93 
520.83 714.32 638.12 86.29 277.28 
560.3 823.82 144.77 73.06 199.03 
826.11 343.03 589.53 631.43 788.17 
530.21 592.67 893.29 415.27 219.16 
569.8 267.34 455.18 286.91 391.36 
307.92 116.18 881.85 109.86 406.54 
469.95 740.17 687.48 891.34 625.35 
2.09 143.44 936.02 278.97 433.21 
291.54 328.76 892.78 957.91 820.27 
465.91 402.89 783.72 173.18 856.1 
492.77 660.11 224.01 670.28 427.57 
884.54 607.94 558.56 208.95 935.7 
698.84 875.51 90.5 114.49 881.76 
93.38 616.12 573.96 353.0 772.4 
562.34 805.48 326.22 204.08 786.34 
942.03 749.31 852.58 337.95 401.14 
987.55 392.45 512.13 235.5 370.0 
542.67 156.85 585.72 350.82 829.8 
850.72 336.71 4.9 548.88 994.79 
106.59 437.86 264.62 591.9 990.67 
652.91 708.55 347.41 357.84 445.25 
964.37 51.58 588.52 677.98 597.32 
506.35 466.36 946.33 176.28 529.11 
967.89 704.84 550.41 247.97 314.33 
217.31 327.37 613.54 589.13 957.91 
378.46 305.66 233.6 278.02 242.8 
258.5 777.06 50.0 631.58 628.56 
568.48 961.69 370.51 622.7 726.78 
878.03 114.99 845.98 823.01 420.33 
688.8 498.54 178.55 483.45 412.55 
78.78 977.25 639.77 37.55 831.28 
970.23 556.88 175.27 182.46 939.31 
829.2 311.09 485.41 100.19 153.37 
574.11 185.73 27.7 544.47 477.81 
372.3 876.25 532.33 83.32 169.3 
559.21 888.64 291.17 288.68 441.01 
24.52 118.41 420.77 964.88 305.19 
109.02 160.84 579.51 462.44 962.78 
299.22 320.06 93.28 685.88 476.9 
242.53 25.92 38.13 472.15 576.78 
625.4 965.04 322.99 241.7 134.47 
532.46 344.98 426.65 136.52 999.31 
31.28 137.94 35.77 368.82 163.6 
952.17 37.68 278.15 496.81 788.69 
377.93 470.23 117.29 792.34 319.77 
303.28 922.19 617.45 196.1 354.72 
801.5 328.08 920.42 132.0 160.14 
468.27 853.2 444.9 888.59 346.56 
820.01 335.64 648.67 311.77 43.58 
844.31 525.56 302.91 120.61 9.87 
634.56 848.76 533.76 122.73 93.83 
788.72 757.63 473.31 373.95 644.72 
611.37 958.81 786.03 818.49 144.69 
945.48 953.0 379.73 848.06 357.44 
301.23 35.64 5.22 677.31 826.48 
441.8 864.34 607.47 173.21 346.65 
968.46 585.13 262.19 267.76 527.39 
237.2 978.82 851.02 691.69 17.6 
760.11 426.2 185.13 999.99 355.24 
486.39 887.45 265.57 982.97 340.25 
405.41 604.49 47.16 147.82 204.69 
747.38 19.67 689.82 763.09 304.31 
374.47 259.53 528.3 391.19 965.42 
78.34 340.44 952.58 136.43 798.58 
448.44 275.16 357.58 191.38 383.52 
864.4 745.7 935.51 410.08 932.53 
352.81 615.41 990.19 845.04 479.46 
658.03 420.47 395.18 5.52 116.96 
778.24 265.32 953.56 324.52 281.24 
115.81 891.17 53.17 476.69 295.43 
543.89 763.77 888.92 609.25 614.75 
840.07 478.18 740.12 49.19 726.35 
126.33 94.67 219.72 538.97 524.97 
648.9 80.19 392.89 530.61 611.49 
299.48 43.61 323.84 937.42 552.78 
230.62 241.8 254.79 355.49 452.23 
754.75 794.07 628.75 212.84 345.76 
340.6 447.52 199.1 679.32 564.37 
57.64 433.43 425.05 666.57 592.41 
187.13 569.11 878.34 399.41 798.72 
275.21 7.05 546.26 32.08 416.28 
474.9 169.12 157.33 1.88 2.08 
857.61 615.96 474.91 738.43 249.95 
53.35 397.65 673.06 475.7 539.51 
66.91 824.11 294.47 133.37 963.68 
165.04 795.37 14.42 972.12 710.99 
604.29 527.23 348.92 302.19 7.63 
284.5 850.88 562.64 511.01 356.41 
632.74 804.65 331.78 972.09 600.13 
553.06 79.64 370.43 501.61 912.53 
392.81 267.19 758.11 738.98 734.33 
445.18 485.37 740.76 560.05 379.92 
70.34 569.81 245.49 4.09 579.42 
175.12 307.78 793.48 748.49 697.25 
894.36 22.65 478.89 242.41 554.85 
950.77 96.96 770.79 248.24 21.79 
670.36 780.19 760.19 280.26 355.52 
507.37 33.24 604.97 939.06 681.12 
866.78 226.82 72.47 560.09 79.72 
678.51 108.69 644.42 258.63 824.33 
653.66 485.31 785.88 577.68 683.37 
971.83 563.25 443.53 202.87 113.5 
252.23 596.29 926.94 680.77 948.34 
324.91 8.01 866.9 508.93 103.73 
605.2 437.67 261.98 950.54 504.43 
141.31 635.24 419.62 945.03 938.3 
743.03 136.69 638.91 360.56 155.66 
226.72 260.24 674.98 763.69 797.68 
974.11 578.0 981.39 57.13 130.0 
215.85 739.94 87.59 555.95 407.9 
197.86 493.07 445.01 814.99 281.07 
202.84 411.88 506.58 427.21 16.98 
685.39 36.97 849.26 503.85 323.28 
988.76 675.99 545.19 964.51 292.76 
74.59 629.21 438.88 164.75 580.3 
244.89 660.75 466.02 245.4 192.57 
659.21 723.61 363.38 686.59 425.58 
149.29 31.04 779.81 491.74 735.84 
797.72 505.0 768.91 245.51 3.4 
258.61 391.95 300.21 382.39 724.42 
672.35 122.93 33.93 0.88 859.41 
811.39 157.69 509.9 555.09 828.86 
425.24 806.8 494.97 759.2 747.99 
116.83 920.31 439.69 717.87 443.36 
87.62 160.88 492.78 760.08 437.48 
242.47 334.18 315.2 442.54 206.6 
951.03 872.94 69.26 802.88 457.79 
476.79 372.1 221.35 255.17 619.58 
303.22 594.29 765.2 612.62 468.2 
120.06 946.91 333.42 964.29 302.48 
356.67 229.23 150.55 314.91 668.77 
98.69 591.6 790.74 868.76 604.57 
266.6 568.2 673.52 180.65 935.84 
357.31 473.28 657.77 869.63 6.83 
218.44 884.5 195.87 669.67 406.48 
285.73 987.43 755.24 820.59 251.38 
103.72 871.69 634.95 548.71 55.46 
724.46 332.67 533.23 147.33 213.41 
458.6 198.66 733.32 679.39 912.17 
809.83 152.44 271.87 309.16 482.09 
266.44 84.31 259.1 813.84 589.36 
303.38 19.7 403.37 784.79 706.66 
941.89 674.35 915.52 827.0 996.57 
255.56 923.66 964.56 901.94 543.56 
351.24 423.24 604.09 195.27 653.44 
633.59 965.84 703.74 138.66 719.29 
427.72 35.3 475.17 278.8 914.58 
680.3 776.99 493.34 586.54 472.63 
698.19 180.18 455.11 243.2 506.18 
417.45 986.03 492.45 660.82 722.18 
486.32 63.69 12.03 266.99 22.79 
449.81 172.26 380.69 782.82 457.41 
634.26 577.99 636.74 149.59 330.06 
48.31 97.44 212.2 918.75 841.26 
563.56 804.82 738.52 963.86 598.65 
440.87 614.46 385.75 771.42 30.02 
246.17 242.12 570.6 227.53 930.02 
501.89 315.91 372.64 696.97 469.51 
963.69 596.0 954.03 782.37 146.37 
19.09 73.9 166.01 31.98 117.6 
43.02 228.28 838.14 10.19 376.08 
809.09 540.24 332.8 400.99 28.9 
110.04 39.64 130.46 326.43 19.62 
143.42 875.79 763.04 81.31 699.14 
520.54 879.94 667.49 543.76 715.8 
430.65 562.07 470.94 720.2 901.28 
805.55 543.25 673.43 455.17 869.34 
223.07 554.67 324.48 12.79 878.96 
698.72 836.21 803.26 502.39 182.29 
492.59 392.63 875.06 285.38 22.01 
501.44 238.04 588.5 967.41 485.92 
257.16 311.65 379.53 522.27 784.35 
57.07 368.6 660.23 11.2 513.96 
879.1 412.36 624.93 177.8 243.59 
315.62 518.32 777.86 520.35 954.48 
410.39 173.48 990.74 819.82 893.73 
773.6 391.73 339.9 525.37 147.11 
868.2 833.42 801.12 853.37 695.84 
547.11 840.03 322.34 290.14 923.36 
166.74 768.64 732.31 402.6 194.94 
642.96 616.63 929.77 401.94 883.72 
693.26 152.29 19.92 353.95 479.07 
865.69 714.8 939.49 447.5 762.36 
499.3 549.88 619.4 272.1 50.3 
889.04 591.98 230.82 260.58 513.65 
733.04 151.41 389.23 598.05 25.79 
625.21 636.92 631.79 9.9 314.53 
96.22 188.85 566.99 233.43 452.28 
606.79 922.53 470.64 922.93 381.89 
103.81 817.99 288.06 947.39 816.42 
754.55 434.27 756.03 203.8 211.06 
563.21 490.46 530.16 987.55 128.08 
417.9 81.96 159.67 11.39 690.21 
334.95 441.13 755.82 28.62 611.41 
58.64 627.62 328.13 331.97 663.34 
999.99 231.65 88.88 953.68 439.56 
101.33 32.33 907.29 986.52 942.23 
581.1 39.19 831.4 294.27 945.06 
114.91 669.67 387.8 960.68 107.47 
840.57 189.56 455.66 955.08 713.51 
604.99 724.2 94.58 353.64 778.82 
723.56 726.28 708.9 721.1 24.07 
298.96 60.25 283.82 124.55 835.97 
377.92 800.89 29.17 829.5 461.31 
571.37 152.54 392.8 519.72 339.6 
524.69 453.73 723.59 955.03 153.87 
669.88 836.51 768.06 716.76 604.61 
669.16 276.84 845.66 906.91 618.2 
91.81 187.85 445.6 961.33 275.26 
112.45 842.3 647.79 506.32 335.86 
158.17 889.27 613.46 274.74 915.17 
913.56 897.73 877.17 803.0 325.58 
667.9 366.76 369.58 303.93 999.25 
125.2 748.65 370.27 698.08 916.13 
146.86 470.72 520.27 373.74 620.01 
992.4 586.23 862.64 111.17 770.9 
330.47 144.39 808.38 40.07 162.9 
8.44 24.66 127.13 286.72 398.39 
641.44 386.81 40.55 637.5 188.62 
361.76 176.39 319.01 943.52 183.98 
757.65 221.97 945.67 665.92 769.41 
962.82 648.57 130.46 844.58 698.48 
357.61 695.71 892.63 82.28 997.65 
120.59 996.37 587.23 832.38 800.76 
56.58 268.47 933.79 416.06 382.1 
740.41 993.49 865.09 71.13 227.63 
150.2 583.1 229.58 529.77 405.17 
658.85 879.43 870.26 516.08 12.26 
960.47 146.65 283.06 216.73 950.15 
666.43 664.39 271.74 436.6 393.91 
266.83 53.22 343.48 134.71 490.86 
93.07 240.88 936.64 190.31 592.72 
392.07 292.42 472.39 553.66 209.14 
228.32 933.9 987.53 207.21 234.48 
126.75 558.46 78.52 968.93 35.86 
278.26 275.4 791.46 742.52 335.77 
470.98 568.27 873.89 404.31 295.5 
589.06 478.8 178.54 364.7 990.55 
561.0 465.0 220.87 993.9 738.76 
779.5 999.45 764.9 837.31 659.81 
52.7 452.13 52.3 439.0 606.15 
714.86 608.02 311.68 514.86 894.88 
43.63 188.03 409.36 546.04 41.02 
830.21 111.53 151.76 595.94 427.89 
408.1 4.52 355.66 265.03 668.28 
279.46 887.86 815.8 645.82 319.22 
816.32 686.91 322.33 507.5 954.47 
136.59 833.73 462.95 205.88 965.08 
657.61 25.37 336.97 157.46 377.5 
496.51 832.41 676.94 97.72 792.73 
232.39 515.61 980.94 907.83 606.29 
917.17 610.15 111.92 749.25 920.45 
935.99 633.21 44.11 712.28 712.55 
552.39 716.16 200.67 90.67 16.71 
227.13 935.55 307.72 640.26 278.39 
70.42 731.96 758.61 72.94 902.23 
325.53 982.12 938.17 855.19 620.48 
623.06 465.9 557.69 848.34 800.94 
729.36 146.83 56.49 317.6 878.6 
703.63 296.64 294.39 309.81 409.55 
918.61 714.48 740.32 205.05 354.78 
710.31 806.33 106.02 216.06 90.4 
394.43 896.82 762.12 819.88 496.1 
857.73 777.01 99.92 665.48 625.15 
973.2 565.53 252.77 449.16 198.77 
351.49 126.06 861.36 148.65 382.29 
189.42 838.19 460.58 787.83 776.73 
661.65 873.0 792.91 29.78 459.91 
216.54 734.66 262.89 520.2 498.33 
920.54 174.95 524.41 205.12 657.1 
863.57 670.75 841.33 749.2 535.95 
647.04 101.26 554.12 461.36 585.7 
693.56 450.68 785.6 658.82 397.13 
96.65 765.55 251.01 952.06 773.79 
691.59 490.61 933.24 343.93 146.89 
629.36 333.39 536.97 259.54 447.25 
979.86 439.87 772.53 184.02 424.84 
588.92 524.14 917.0 520.13 517.57 
276.85 657.81 507.04 967.92 49.99 
843.6 490.1 516.96 591.72 953.48 
552.16 980.49 343.03 281.14 402.15 
651.9 798.8 664.6 515.46 84.21 
340.84 0.72 609.39 391.5 881.95 
757.74 858.84 800.88 451.19 170.14 
704.58 840.91 119.98 31.6 800.57 
94.42 424.97 580.34 799.01 126.45 
870.45 553.67 928.05 662.77 576.65 
486.01 535.38 688.78 995.26 556.62 
553.77 243.72 156.33 766.06 569.56 
204.21 195.27 535.7 307.83 908.42 
719.13 866.93 24.23 527.0 292.23 
259.89 86.94 968.65 968.72 869.95 
165.88 306.28 733.2 755.68 125.66 
531.41 317.97 5.26 591.52 359.45 
672.14 607.78 97.43 604.06 387.9 
556.75 874.58 730.53 121.68 829.32 
591.36 535.97 230.16 429.44 216.14 
20.59 651.83 856.37 673.68 488.05 
83.8 447.71 685.99 974.23 91.68 
66.22 911.92 691.05 736.9 518.64 
798.9 943.06 697.55 44.44 502.46 
291.99 514.61 584.64 600.23 782.14 
289.3 213.96 133.45 487.28 597.83 
857.93 763.04 548.35 75.69 354.9 
303.94 180.21 534.81 451.05 847.61 
472.15 59.26 542.93 32.87 434.34 
281.89 592.41 552.04 198.64 834.05 
510.01 879.24 503.27 486.11 507.24 
96.45 219.92 459.13 727.62 473.51 
809.8 56.63 781.92 779.24 910.92 
937.66 54.01 423.64 232.45 843.46 
540.26 325.94 26.64 45.92 334.89 
552.41 254.5 758.4 378.99 226.2 
353.91 592.97 467.59 151.96 479.32 
555.47 231.54 70.28 466.73 91.83 
71.99 790.57 481.17 64.57 943.68 
706.97 498.58 453.54 466.36 748.52 
591.44 278.08 809.61 1.25 981.16 
36.85 740.15 129.4 412.33 721.79 
726.14 827.02 433.61 82.86 574.44 
499.75 900.49 165.96 327.95 822.3 
71.38 765.16 682.8 57.34 226.37 
869.56 124.68 248.74 440.04 122.34 
192.34 710.59 247.18 384.57 389.51 
44.19 665.34 287.56 236.62 923.71 
746.25 426.44 689.19 958.12 581.21 
774.5 41.87 374.79 791.33 833.27 
396.89 996.04 27.88 283.28 326.42 
832.86 819.49 431.9 54.09 245.89 
186.27 241.7 160.32 604.46 443.17 
597.67 938.42 121.37 428.55 638.6 
206.33 103.79 913.9 2.91 566.11 
84.81 524.08 276.16 823.1 315.97 
692.9 21.77 641.09 87.81 83.45 
448.91 706.75 455.8 846.07 827.36 
806.35 176.0 248.23 971.61 504.55 
580.94 160.31 125.21 386.0 187.98 
85.41 444.4 776.2 329.67 205.87 
23.74 486.38 693.39 620.14 739.5 
448.94 163.25 808.38 306.64 772.96 
975.18 347.61 269.5 641.44 32.2 
569.82 276.56 488.51 407.64 781.22 
114.91 482.65 631.61 894.24 185.08 
271.99 724.73 477.79 823.98 681.35 
367.7 282.55 158.19 855.87 234.45 
657.17 39.19 921.93 971.82 60.0 
111.66 775.57 469.91 258.62 715.24 
945.02 829.13 404.37 28.36 367.34 
19.73 798.55 700.65 335.7 770.89 
225.15 633.65 582.22 698.9 726.01 
351.11 418.44 483.61 348.1 374.99 
790.41 840.34 487.13 463.26 630.25 
247.57 728.39 247.76 11.74 285.63 
690.17 560.03 273.91 948.92 276.13 
418.03 513.95 285.51 813.69 287.65 
481.05 597.27 998.75 49.69 665.18 
776.9 913.15 971.7 618.05 468.67 
306.55 194.12 734.75 705.85 404.69 
383.56 73.95 376.24 898.9 591.75 
132.86 940.85 494.11 750.33 712.19 
92.71 675.31 608.65 2.09 906.2 
686.77 254.61 357.64 53.9 193.37 
219.74 401.87 646.82 275.85 84.02 
250.12 186.52 309.06 350.98 478.09 
798.43 150.86 757.06 865.95 761.85 
16.52 18.48 35.3 339.15 645.11 
416.25 184.36 269.93 464.5 559.54 
472.97 271.2 357.39 372.56 440.86 
716.59 111.16 916.96 783.25 583.9 
156.41 181.76 767.8 969.59 605.55 
84.23 807.17 900.16 639.95 264.92 
896.09 459.65 20.96 151.19 417.31 
269.95 147.61 603.5 148.88 194.0 
260.19 105.38 504.39 464.8 707.62 
999.64 106.42 858.46 452.26 373.54 
513.57 47.63 221.31 827.19 751.53 
349.1 246.0 508.0 418.05 955.37 
194.65 763.04 974.5 540.45 374.92 
189.2 241.57 600.02 565.55 269.57 
889.02 106.44 272.64 603.92 340.3 
801.58 723.56 971.63 981.47 297.68 
965.8 481.78 262.14 182.78 689.78 
209.75 137.69 172.42 393.93 729.45 
624.46 686.09 840.98 982.69 12.7 
798.06 84.22 766.94 287.94 178.32 
28.88 154.74 831.5 29.63 793.64 
581.02 41.68 885.59 758.17 221.49 
552.53 993.33 515.75 752.42 931.16 
475.5 704.75 331.96 828.79 864.1 
434.26 77.76 556.94 388.38 515.97 
549.1 561.86 904.11 680.17 329.85 
8.41 673.24 768.14 194.77 658.92 
923.92 750.39 860.36 172.47 390.08 
236.7 428.27 140.44 245.39 524.98 
442.32 316.14 402.56 461.68 185.6 
914.02 749.09 496.59 39.65 111.48 
621.34 304.34 248.95 458.89 409.89 
97.68 441.15 798.62 551.71 512.69 
538.86 335.39 45.88 835.77 536.51 
268.45 341.59 205.12 399.07 822.4 
96.19 13.59 521.53 189.61 401.55 
69.96 618.97 346.68 465.09 320.2 
868.73 274.24 834.99 524.88 138.98 
597.19 521.6 273.37 469.18 511.31 
782.74 640.0 767.96 964.25 195.24 
394.79 725.24 426.65 154.99 173.14 
4.34 18.5 894.26 828.68 193.7 
667.12 154.73 660.51 518.73 848.78 
725.25 738.47 193.31 524.25 474.37 
120.46 131.84 466.12 21.79 143.93 
275.87 959.66 133.44 815.26 11.12 
282.5 322.74 581.37 21.93 969.37 
823.21 10.59 402.44 821.33 388.99 
344.99 222.67 650.31 988.32 270.5 
673.84 864.94 204.32 621.57 831.24 
589.03 375.4 625.6 305.19 514.44 
142.79 612.13 410.04 946.22 815.72 
693.5 277.86 139.82 563.56 793.92 
170.64 146.67 555.39 880.37 968.34 
992.8 209.58 276.93 263.19 916.07 
290.06 305.78 42.19 854.33 277.69 
684.76 642.92 849.3 829.15 267.02 
941.27 287.48 948.88 223.87 863.95 
78.98 548.96 0.64 716.87 574.21 
777.74 279.13 227.29 54.93 270.38 
451.65 813.78 237.1 922.31 212.92 
724.73 558.38 469.38 335.49 504.63 
535.11 889.39 55.76 766.37 287.75 
914.26 682.12 50.07 103.23 345.28 
952.37 815.19 639.6 617.68 234.57 
757.86 882.66 113.35 861.52 914.73 
705.44 716.96 993.83 812.05 166.93 
742.24 858.47 629.1 625.39 607.45 
468.35 479.3 791.13 675.78 722.67 
810.91 265.27 966.34 623.17 291.78 
658.89 323.39 848.95 748.89 720.35 
98.59 12.96 350.01 299.6 796.69 
52.87 904.87 397.12 537.71 320.69 
456.23 760.76 0.29 258.66 198.34 
720.49 417.5 278.65 374.99 301.07 
416.39 998.71 129.85 55.94 750.11 
792.87 464.44 853.26 867.42 602.32 
963.35 282.82 519.67 754.04 477.69 
285.74 653.43 749.6 653.91 851.52 
275.5 974.07 460.94 729.42 158.72 
378.2 332.69 418.43 153.73 467.97 
826.94 371.86 272.4 24.98 431.16 
560.45 227.44 862.36 456.2 234.92 
338.59 753.94 926.73 49.65 558.89 
75.86 877.36 673.2 133.8 219.65 
39.9 751.15 682.2 55.79 540.5 
946.92 957.57 801.27 25.08 645.97 
916.93 566.27 19.92 363.78 170.18 
123.27 450.58 879.63 34.62 104.92 
0.65 270.65 714.76 925.49 431.48 
732.17 922.27 723.51 912.17 279.33 
922.63 558.28 164.4 550.84 153.31 
328.93 598.84 935.65 343.34 560.93 
545.58 288.12 822.85 554.5 666.98 
988.72 697.12 704.44 680.21 236.34 
54.88 661.31 482.89 524.33 42.58 
467.4 313.53 681.78 884.86 647.29 
535.29 850.21 518.5 217.4 126.92 
654.06 841.53 795.3 50.82 470.07 
234.0 240.54 81.03 978.66 537.87 
569.94 335.54 7.78 931.86 694.26 
390.52 813.19 218.81 482.59 461.1 
468.03 440.49 603.83 580.09 806.67 
617.07 458.26 783.57 956.93 51.75 
829.84 945.59 199.43 376.09 623.6 
5.35 366.56 420.48 926.88 764.85 
672.88 228.85 986.62 515.97 857.99 
174.47 751.52 732.69 367.48 50.82 
287.9 221.33 700.03 99.12 416.63 
237.46 632.86 792.5 548.47 376.59 
5.44 472.85 547.61 137.58 841.78 
926.13 356.83 826.22 403.61 347.93 
861.7 891.75 918.51 594.08 292.93 
65.23 205.19 563.98 689.41 652.82 
509.8 479.67 783.18 374.61 362.14 
361.17 159.11 572.51 738.15 903.13 
487.91 579.08 630.85 796.0 399.78 
270.36 943.71 66.57 945.1 586.5 
516.62 593.33 583.18 400.26 511.83 
222.04 943.1 703.4 658.8 894.57 
331.7 161.96 964.31 444.85 825.97 
6.42 668.82 366.44 86.38 388.21 
780.38 873.0 205.03 265.53 915.56 
952.64 369.82 368.14 118.51 53.63 
649.57 499.42 814.13 523.97 326.65 
116.08 78.58 198.25 744.21 372.15 
23.2 776.72 394.98 83.8 640.5 
147.06 401.83 824.55 753.41 711.68 
239.89 705.51 373.79 493.34 534.78 
911.87 17.09 306.45 579.38 667.97 
559.64 601.62 720.01 761.01 751.6 
448.18 902.8 627.26 81.11 209.5 
193.93 339.98 861.36 244.83 422.93 
986.86 869.78 831.58 943.96 729.81 
2.52 709.28 548.22 935.02 67.24 
636.76 737.68 854.69 0.16 484.0 
269.52 535.21 588.32 307.58 96.12 
629.44 560.12 330.07 20.15 131.48 
8.8 364.54 356.55 594.1 236.61 
445.43 808.84 773.02 859.09 285.45 
55.15 37.95 793.19 62.43 772.38 
647.3 39.81 88.63 715.18 138.71 
752.92 803.57 877.09 844.4 662.96 
78.66 658.08 613.96 847.61 883.35 
23.2 91.38 741.12 630.56 65.52 
324.19 193.45 335.06 516.76 289.16 
709.6 697.06 907.0 119.55 970.69 
205.44 366.46 871.98 161.37 913.1 
637.36 390.97 25.53 132.44 346.63 
575.63 520.48 732.96 194.21 333.16 
39.12 661.09 608.07 826.82 283.0 
208.84 122.58 240.05 999.72 320.41 
199.5 959.15 9.02 630.26 762.54 
342.26 874.5 5.55 357.73 116.89 
816.58 543.74 131.38 333.48 500.24 
964.37 524.03 212.45 344.87 855.88 
509.91 813.06 876.83 394.68 417.0 
207.35 936.47 786.6 621.0 112.97 
205.57 67.43 646.32 16.17 715.9 
649.16 685.83 469.6 284.29 253.45 
357.48 932.7 307.74 758.8 729.97 
115.48 940.93 10.06 303.34 204.47 
84.26 837.33 131.03 851.28 267.72 
195.1 934.23 455.75 530.3 949.14 
800.32 247.63 157.94 151.15 527.93 
918.21 645.0 547.57 161.98 329.02 
307.31 766.07 96.23 968.23 584.23 
783.46 461.66 228.01 545.42 199.9 
302.13 245.83 904.09 146.29 282.73 
961.69 53.65 907.81 5.98 487.45 
109.41 96.43 75.42 93.19 945.01 
316.79 47.93 467.79 735.43 646.36 
862.2 533.76 894.36 255.19 693.94 
61.35 611.8 560.26 182.9 999.02 
886.38 8.68 801.16 484.52 470.32 
789.42 35.58 657.3 903.86 887.28 
206.75 887.96 850.64 855.77 374.17 
134.12 622.88 634.99 286.65 933.55 
455.45 284.11 33.58 489.06 531.85 
930.0 310.02 232.99 866.88 395.67 
854.43 875.29 418.87 891.87 654.88 
665.84 23.78 655.26 915.44 503.19 
882.65 54.79 131.85 514.12 888.98 
696.33 460.29 891.66 224.05 937.91 
646.81 842.34 330.14 517.85 188.49 
749.89 829.97 160.65 939.85 564.8 
589.75 670.56 590.31 170.34 536.39 
447.16 382.48 231.59 690.28 477.16 
976.63 896.67 51.1 819.67 701.96 
662.12 772.49 296.31 35.47 531.02 
418.78 586.17 584.53 948.6 709.44 
713.8 741.26 903.77 666.77 882.57 
633.56 909.79 591.75 341.27 753.73 
853.72 803.01 89.68 460.79 256.59 
569.63 677.68 741.88 316.93 99.22 
551.47 829.59 776.94 562.7 238.37 
877.13 750.57 663.09 883.17 648.7 
856.32 166.26 485.47 660.16 482.28 
264.98 5.85 716.55 602.16 186.64 
471.11 3.34 600.0 58.27 358.44 
228.3 493.41 238.76 177.24 726.65 
386.1 881.9 117.48 362.89 54.32 
336.08 493.34 934.84 844.21 547.99 
915.25 360.31 306.64 175.63 621.53 
347.31 113.51 172.37 718.57 565.18 
152.91 260.56 892.26 258.15 193.72 
205.68 327.36 113.4 463.49 248.45 
2.8 750.24 942.4 680.9 31.61 
999.76 421.24 132.29 520.77 646.24 
740.29 54.17 54.05 173.42 639.99 
877.56 506.46 255.45 555.6 563.19 
5.57 610.94 482.29 472.66 888.16 
870.25 792.88 114.89 436.85 820.31 
521.63 415.9 12.92 826.96 660.72 
870.89 835.06 699.31 512.1 929.55 
815.23 203.74 136.69 950.9 447.43 
591.47 258.46 761.34 215.58 114.59 
956.25 391.01 483.66 230.11 514.64 
868.27 447.82 236.42 209.81 95.48 
796.48 25.34 327.5 563.75 26.73 
216.91 520.93 954.22 739.33 177.89 
774.25 992.23 790.65 165.21 40.71 
404.01 389.83 493.6 917.02 189.56 
878.79 154.52 687.56 307.34 277.61 
547.28 847.13 860.7 977.33 273.9 
620.22 663.29 376.83 358.26 812.67 
20.53 894.82 609.01 98.93 359.34 
827.85 227.15 278.67 76.07 584.36 
22.86 930.54 605.28 195.3 79.37 
916.73 660.09 622.73 604.45 337.53 
979.81 743.31 866.13 797.78 55.99 
499.99 242.76 135.68 820.37 404.71 
311.19 534.95 61.22 721.09 824.34 
388.25 858.14 536.99 139.5 725.15 
133.71 951.03 737.66 664.45 744.36 
704.12 922.23 190.07 278.64 70.81 
319.68 187.62 884.6 881.14 358.83 
940.77 63.16 158.31 883.55 998.42 
2.92 71.89 710.07 150.09 661.04 
275.27 858.73 705.37 594.61 648.53 
778.07 801.68 640.22 180.53 65.46 
236.0 608.43 85.72 433.1 448.77 
310.69 826.77 597.5 72.76 912.73 
122.19 764.55 4.65 69.98 841.13 
407.11 391.69 244.7 271.4 443.3 
2.01 904.43 627.65 81.59 470.8 
366.54 951.45 87.15 534.97 704.69 
857.67 546.01 156.4 297.36 947.44 
518.27 383.63 766.59 512.59 673.99 
964.94 699.81 414.28 450.56 366.4 
937.62 805.25 634.43 318.71 402.4 
620.06 319.77 553.79 88.85 47.84 
645.03 75.38 407.19 750.33 47.06 
502.82 871.73 15.32 605.2 365.75 
891.49 833.0 497.87 270.6 19.25 
726.89 29.62 611.69 808.27 101.72 
299.35 908.14 881.73 782.61 152.47 
367.44 48.27 729.33 737.5 185.15 
678.47 456.25 753.88 483.33 365.3 
308.65 961.14 792.96 87.29 900.79 
952.48 524.11 687.55 271.99 928.88 
290.03 359.85 185.5 785.66 707.59 
989.47 517.76 616.25 51.34 344.23 
766.38 838.73 910.51 203.46 402.11 
233.46 169.23 255.15 447.73 964.13 
510.09 783.82 50.68 105.45 441.12 
615.47 572.8 566.04 856.64 523.69 
91.43 698.67 374.72 651.57 549.83 
667.56 65.09 85.19 282.08 88.87 
47.29 747.34 805.1 720.05 338.36 
254.01 243.88 75.0 271.07 271.08 
698.66 131.4 567.15 760.36 867.91 
999.87 456.86 839.35 661.5 704.23 
156.96 509.0 204.09 18.73 972.05 
109.86 516.15 391.49 532.97 387.75 
326.81 814.02 799.78 35.99 640.81 
830.95 394.46 309.33 894.64 361.29 
413.36 451.86 36.78 231.89 159.29 
500.67 461.01 722.98 494.26 954.61 
550.07 137.95 492.26 332.73 345.55 
526.75 978.66 17.23 611.74 649.99 
60.87 656.28 163.06 61.7 529.32 
78.95 140.37 780.06 43.64 637.5 
958.69 862.25 31.57 752.76 522.23 
722.72 613.23 941.23 891.82 930.12 
655.02 421.65 656.42 330.1 404.05 
391.67 851.34 119.89 680.41 954.03 
674.48 107.85 627.42 378.39 555.31 
418.08 223.68 946.79 585.22 589.88 
940.72 983.76 675.19 818.69 680.02 
568.12 323.79 466.05 26.5 867.5 
352.45 521.69 452.16 118.68 982.99 
666.52 394.69 468.18 678.43 80.79 
749.69 194.19 128.5 310.88 671.95 
187.33 541.22 929.85 796.79 843.58 
966.25 997.68 152.78 3.3 609.23 
234.68 309.67 136.62 52.82 932.63 
693.42 327.21 998.16 899.5 688.06 
169.02 12.91 95.49 213.57 146.69 
119.29 454.63 367.99 119.87 831.56 
81.34 650.87 546.59 695.94 640.94 
285.35 174.51 355.05 254.32 419.93 
620.32 468.29 976.79 802.38 96.45 
31.05 537.02 563.6 833.91 831.83 
43.68 823.01 631.9 260.37 768.41 
633.39 973.55 148.04 45.02 360.83 
964.8 738.76 107.29 579.93 203.18 
498.34 557.03 400.57 710.79 441.94 
871.9 704.38 571.01 533.13 404.54 
986.48 861.57 957.25 176.38 444.67 
601.55 530.83 689.8 614.89 986.87 
136.72 961.69 817.29 427.81 796.49 
24.11 587.55 992.85 417.37 611.72 
292.86 288.28 12.32 220.29 82.22 
428.18 588.45 722.59 528.57 974.92 
870.94 881.51 48.42 459.0 998.42 
537.21 396.46 407.03 739.92 124.36 
847.65 512.07 872.82 945.24 817.17 
437.31 643.47 82.45 401.41 555.44 
685.65 250.49 884.01 642.14 427.43 
713.95 721.09 609.99 29.13 518.26 
935.64 912.25 652.44 87.31 703.89 
951.45 746.12 592.71 744.92 935.09 
280.2 706.03 524.82 843.19 258.51 
631.74 599.58 379.43 422.71 583.16 
704.08 582.4 481.88 823.4 178.76 
802.64 439.03 330.76 894.92 508.28 
95.14 430.13 589.78 500.33 204.02 
113.91 598.43 895.53 321.44 224.54 
783.97 899.49 399.32 478.52 603.67 
324.46 454.15 743.2 351.16 591.18 
542.44 759.4 288.75 193.07 481.75 
664.91 303.5 302.75 411.25 124.76 
78.32 443.14 342.44 244.44 940.12 
598.22 291.2 994.1 279.64 215.5 
427.47 335.99 367.25 467.46 951.7 
206.4 204.39 799.33 120.05 206.7 
449.0 713.01 328.6 902.58 269.19 
224.32 860.34 259.47 292.0 885.36 
145.46 539.22 527.76 829.08 445.33 
806.35 169.83 294.88 790.07 104.03 
739.84 928.25 159.15 255.95 485.27 
868.51 166.37 190.11 684.01 607.3 
184.3 390.46 972.35 517.25 556.09 
685.95 630.94 46.05 852.58 986.14 
395.57 923.39 583.54 431.76 955.78 
991.11 793.35 45.13 522.47 738.55 
408.62 778.89 139.88 20.44 471.07 
685.88 332.74 817.28 461.51 153.35 
709.39 541.85 541.05 235.43 294.48 
247.11 863.88 858.71 280.36 944.17 
574.59 508.85 245.67 368.11 613.37 
547.53 143.63 764.19 976.82 801.8 
391.96 137.95 548.21 124.51 647.76 
285.92 777.09 779.69 429.5 245.83 
874.22 775.21 989.57 296.07 691.93 
993.56 866.87 721.74 169.63 988.29 
441.81 65.51 207.75 188.75 346.35 
528.06 136.03 551.45 374.01 911.7 
357.3 947.75 540.7 776.25 753.19 
806.51 439.11 434.34 227.84 888.29 
658.93 628.27 935.18 688.65 484.85 
853.9 12.1 113.34 189.27 253.48 
668.85 597.97 483.51 386.06 10.21 
310.6 530.28 201.67 970.21 440.94 
983.4 57.04 519.2 201.1 668.06 
189.3 705.47 828.23 447.57 500.72 
56.88 494.76 780.84 62.98 860.99 
740.22 530.03 990.8 837.63 478.96 
911.93 560.35 183.38 674.19 915.75 
901.24 291.41 873.31 7.79 343.94 
175.23 75.54 713.76 490.53 74.42 
190.14 412.73 502.23 299.73 417.27 
119.32 799.0 73.33 323.24 224.29 
188.79 591.14 708.54 696.06 551.42 
449.39 585.4 189.08 787.87 830.48 
142.92 640.88 482.77 880.14 87.67 
787.17 124.76 154.99 966.37 170.14 
598.85 76.83 483.85 742.56 819.92 
480.1 989.11 921.48 101.34 42.34 
55.3 379.91 833.25 732.19 680.42 
263.93 569.97 489.17 694.61 752.69 
418.62 437.06 358.23 370.7 58.99 
96.17 365.81 582.38 452.32 147.33 
614.94 681.93 872.93 898.93 649.87 
623.99 465.44 808.86 917.42 84.59 
134.8 802.92 204.62 79.19 154.31 
234.34 141.28 818.08 816.97 852.45 
818.35 344.82 98.49 29.41 793.24 
690.65 173.04 952.07 896.54 416.21 
222.67 122.45 781.04 914.63 380.0 
332.03 350.88 726.38 761.27 845.62 
119.51 534.31 527.89 828.47 606.44 
184.25 677.07 593.41 221.47 268.76 
636.94 202.42 170.56 277.02 36.45 
831.01 24.27 543.14 785.64 127.44 
7.98 721.85 207.39 890.07 149.97 
34.65 358.71 209.99 589.25 964.06 
19.01 846.79 737.17 24.69 143.73 
642.41 52.76 293.08 540.89 244.85 
287.02 523.71 780.43 103.55 890.05 
680.4 581.84 446.82 775.04 342.51 
61.22 547.21 290.39 108.3 232.96 
733.7 817.0 615.4 781.23 422.24 
38.25 718.56 792.4 906.15 823.94 
281.2 903.8 12.2 402.04 342.72 
56.82 832.53 60.06 364.47 975.99 
360.18 787.36 613.32 948.38 946.57 
576.53 299.76 802.64 593.81 824.49 
37.51 559.9 188.07 577.47 422.98 
296.04 315.45 630.03 383.56 548.3 
492.31 748.8 773.19 807.08 232.18 
34.07 713.8 70.76 84.15 698.08 
763.7 695.58 669.36 198.78 126.14 
297.96 185.45 202.99 239.57 289.92 
871.25 968.92 115.73 295.18 270.04 
155.99 908.9 228.56 389.78 232.73 
781.11 803.34 411.04 32.98 545.23 
417.58 11.35 268.15 844.2 507.35 
917.94 462.36 2.76 948.96 566.73 
91.86 170.54 85.07 913.02 823.28 
822.07 380.22 930.6 576.74 621.86 
121.98 230.88 37.4 403.75 591.01 
656.6 953.16 388.84 722.5 31.2 
755.57 312.66 556.21 134.93 277.84 
107.86 225.66 628.54 708.24 443.55 
360.25 66.6 145.08 903.85 99.63 
601.98 647.92 706.54 853.62 417.41 
30.08 805.66 236.7 123.66 438.48 
892.47 813.86 987.87 454.36 316.17 
881.29 34.2 606.35 510.74 492.89 
320.42 534.05 72.22 747.5 44.91 
60.26 139.53 72.56 539.92 442.35 
724.96 575.27 706.7 558.03 458.17 
930.28 522.71 440.7 459.46 118.36 
229.14 871.59 929.96 661.77 958.23 
516.87 967.05 214.65 421.7 172.21 
751.39 413.73 6.96 279.67 589.49 
976.71 484.11 971.83 488.47 543.42 
985.52 849.6 823.5 542.63 456.06 
856.21 867.73 858.74 942.82 389.69 
858.44 823.94 993.05 655.66 176.97 
510.16 398.92 737.29 130.22 356.55 
601.17 226.21 35.86 960.0 506.54 
245.96 753.85 867.44 942.47 667.8 
214.99 908.29 205.64 354.78 370.34 
230.27 171.05 633.51 163.0 705.44 
228.01 879.38 154.3 725.03 951.04 
585.52 565.76 807.03 932.19 502.91 
846.61 30.56 491.92 741.04 813.55 
36.05 881.02 920.74 698.53 644.72 
352.49 142.81 587.29 381.41 44.68 
11.15 244.51 133.14 689.96 600.18 
905.24 174.48 500.99 695.43 505.2 
769.67 44.91 455.31 193.97 376.74 
437.51 853.16 17.04 888.31 608.8 
225.22 290.21 86.43 624.05 555.01 
50.15 115.31 393.72 347.24 304.57 
456.28 442.55 970.46 999.72 237.74 
717.16 33.97 176.62 985.04 244.78 
639.29 632.2 851.99 824.94 595.0 
852.93 228.32 693.33 47.61 993.99 
534.52 516.99 683.12 685.4 742.55 
590.55 195.98 844.61 402.76 961.0 
321.48 874.81 440.43 915.66 199.85 
917.9 9.22 882.54 65.44 869.73 
674.92 518.73 823.43 521.4 568.78 
447.59 639.94 442.42 477.63 81.84 
346.97 699.84 711.1 216.6 964.25 
809.91 539.3 641.41 298.5 822.81 
239.09 175.36 597.85 483.37 489.19 
195.01 596.94 888.0 625.44 479.96 
863.48 305.73 268.03 330.6 4.69 
764.57 363.35 447.37 178.41 165.84 
721.8 226.44 712.25 285.05 29.26 
837.73 125.48 35.53 178.82 585.12 
384.03 944.27 388.38 946.49 498.47 
244.4 782.94 369.8 627.68 286.51 
976.95 484.48 464.82 915.5 841.95 
708.03 32.73 678.51 103.26 957.42 
129.94 226.57 359.3 450.38 657.97 
506.49 893.51 81.6 543.41 987.32 
0.37 923.49 39.15 352.19 378.36 
964.28 547.25 508.87 144.87 266.28 
886.62 856.21 152.81 527.55 91.93 
610.65 201.65 354.73 750.99 715.78 
923.18 321.59 453.64 302.04 471.53 
333.93 66.06 414.19 315.63 259.84 
900.53 877.63 980.5 899.8 284.22 
629.76 503.24 998.69 761.29 662.09 
604.91 389.05 525.18 746.09 485.99 
39.42 461.93 86.48 743.68 412.74 
373.48 189.33 778.82 234.63 934.96 
31.25 861.48 259.58 784.65 154.91 
276.95 934.05 44.02 509.91 420.08 
6.05 315.56 677.7 480.19 752.62 
310.02 854.12 118.92 913.59 923.1 
66.48 251.12 146.03 144.76 252.35 
879.96 658.76 891.35 166.9 471.53 
859.87 241.52 573.43 164.3 759.47 
188.38 268.83 692.55 595.07 936.45 
547.92 692.64 964.7 784.22 610.32 
604.0 360.52 693.73 906.19 867.15 
705.79 361.42 519.71 528.69 658.69 
414.0 895.61 170.42 746.49 932.73 
916.03 336.06 396.45 320.26 58.87 
148.26 539.63 47.72 667.15 577.34 
325.82 985.17 492.98 390.06 295.91 
322.84 258.66 607.97 498.96 556.88 
292.56 269.45 994.31 672.75 377.61 
74.15 308.34 729.83 362.74 731.92 
875.92 304.32 109.65 908.93 383.75 
103.64 420.12 144.98 138.18 674.75 
993.75 89.13 741.97 678.27 212.35 
525.08 63.52 419.68 271.1 318.26 
973.67 261.65 334.31 253.8 440.73 
4.84 894.64 556.59 351.93 648.33 
790.64 27.03 617.38 48.82 225.54 
456.71 720.01 762.97 494.5 939.87 
35.92 478.97 451.95 995.39 920.47 
464.46 383.14 211.58 764.9 449.48 
334.51 856.0 593.23 985.86 175.65 
453.44 449.72 928.93 478.21 899.83 
78.94 212.48 269.03 847.1 448.03 
221.05 902.0 583.79 186.68 621.08 
430.25 347.75 552.95 766.84 357.67 
174.52 240.16 985.18 275.85 351.47 
62.59 848.69 16.18 642.25 102.15 
786.81 64.39 881.9 424.59 117.72 
251.27 557.13 643.47 81.65 815.5 
952.28 626.31 561.5 415.64 537.11 
881.97 815.73 711.28 360.4 427.04 
445.39 796.94 15.15 187.32 471.43 
958.68 461.56 508.39 714.94 125.47 
487.07 356.62 933.39 87.34 766.38 
485.85 497.74 997.38 723.39 738.17 
443.06 346.24 653.16 15.21 618.38 
566.21 640.08 977.26 402.76 464.33 
40.65 4.32 283.67 92.16 569.92 
513.53 501.41 44.7 693.6 763.9 
805.12 106.99 152.35 80.95 680.73 
21.12 829.59 337.71 314.37 906.57 
521.23 255.57 317.59 674.56 419.33 
989.62 671.5 67.01 299.66 226.64 
882.42 917.63 695.07 175.76 229.23 
317.81 630.27 923.48 988.48 562.06 
743.67 886.31 31.16 930.77 742.14 
13.65 952.07 273.09 127.67 972.65 
261.29 408.37 136.92 125.92 772.61 
725.67 248.63 138.34 870.0 377.51 
401.73 240.59 452.67 63.19 608.03 
176.17 455.83 720.95 229.06 650.24 
960.05 77.71 580.91 941.62 726.83 
635.78 167.05 205.35 224.57 561.28 
976.29 42.89 511.12 255.61 74.62 
70.84 614.13 62.01 161.82 284.06 
410.07 764.49 952.57 972.66 909.86 
176.78 268.87 77.8 379.64 864.87 
925.15 668.78 363.13 811.99 583.08 
623.83 712.92 935.48 304.43 224.13 
720.43 81.22 448.74 465.3 24.03 
805.96 969.17 199.23 485.3 840.15 
763.37 247.1 308.29 847.27 67.09 
956.49 85.78 82.56 448.12 603.25 
515.31 606.16 996.64 20.51 717.19 
494.5 944.92 953.54 383.13 357.26 
738.58 71.39 722.84 196.09 871.85 
987.75 902.76 412.23 592.3 795.27 
387.58 909.64 757.64 226.58 113.44 
498.51 107.75 553.83 836.32 745.44 
902.92 188.21 777.2 504.0 934.85 
720.46 573.13 380.99 337.32 130.15 
342.34 731.16 226.67 941.19 103.01 
97.6 92.34 787.72 695.6 861.09 
742.88 893.77 399.29 72.63 143.76 
966.11 172.86 419.55 271.27 846.38 
582.85 891.71 252.48 814.35 460.09 
589.9 292.5 107.69 181.0 846.38 
99.52 953.79 176.21 61.84 59.37 
214.77 321.34 359.0 962.56 576.19 
242.86 452.26 738.99 353.9 28.05 
794.19 606.73 121.39 656.45 145.39 
899.83 845.39 827.07 233.17 37.38 
958.73 345.6 588.42 594.19 135.32 
905.02 770.93 953.3 232.84 185.79 
621.39 721.96 951.38 181.79 20.27 
703.62 877.2 898.31 288.82 878.76 
95.03 132.18 879.37 777.48 510.73 
545.16 122.57 838.67 776.74 781.68 
658.9 241.2 910.82 537.56 864.01 
974.76 412.82 899.32 723.53 210.32 
459.37 657.76 766.92 567.75 449.42 
482.75 205.99 262.6 904.05 598.75 
418.7 773.2 147.93 411.36 960.11 
362.08 314.97 696.62 931.02 356.95 
686.95 562.94 496.99 850.71 794.22 
221.72 746.87 395.36 708.36 919.6 
425.37 10.6 884.38 248.78 55.75 
354.07 439.28 938.88 674.73 841.45 
437.77 152.63 637.65 129.94 136.96 
57.58 435.53 379.99 83.46 332.47 
972.53 474.28 34.8 103.98 157.45 
56.37 724.87 593.13 827.35 518.99 
174.32 361.2 422.19 713.27 137.78 
422.05 381.39 309.27 148.81 225.61 
703.59 922.26 618.04 91.38 152.6 
579.59 790.98 836.19 163.92 522.41 
864.74 197.03 145.44 709.12 283.92 
623.22 999.56 443.21 480.24 545.39 
183.35 904.19 289.89 555.77 492.94 
859.83 549.38 522.37 514.09 825.98 
18.56 987.19 50.35 804.68 639.62 
176.61 978.46 9.44 976.98 59.89 
937.84 809.21 24.68 20.27 148.25 
687.3 979.08 379.7 49.79 381.37 
282.43 948.21 362.35 719.19 77.82 
943.94 182.75 124.96 301.96 564.4 
526.26 311.4 166.11 80.49 345.84 
859.52 398.62 177.46 233.76 902.89 
533.33 329.65 961.45 893.2 313.81 
605.39 816.23 983.58 829.38 526.17 
303.92 659.17 50.75 188.22 822.91 
439.94 773.79 649.08 767.76 184.74 
275.15 771.49 799.42 907.56 388.62 
478.8 507.26 779.25 264.98 866.77 
567.72 536.42 960.47 143.78 392.28 
305.37 677.09 317.44 664.05 175.21 
523.51 119.0 278.76 331.13 864.79 
429.56 954.7 247.69 728.61 123.18 
240.78 343.21 89.68 442.45 240.21 
301.92 667.16 510.39 350.28 391.83 
446.61 312.6 578.83 124.66 310.31 
203.68 808.48 986.66 53.34 124.14 
286.11 126.96 494.78 440.31 66.74 
512.27 942.17 831.06 92.98 956.37 
15.58 184.59 894.64 983.81 512.63 
558.03 990.99 99.95 893.86 726.56 
836.51 895.91 190.72 544.38 477.16 
394.25 690.64 21.51 287.19 959.42 
979.88 746.08 322.02 98.64 25.2 
150.04 292.52 934.73 446.68 347.84 
219.74 476.5 571.04 364.1 841.77 
472.21 714.3 215.04 835.99 706.9 
237.25 967.4 834.48 329.36 178.16 
552.82 415.22 126.98 845.53 52.61 
681.26 777.37 884.72 84.02 277.54 
951.43 175.76 981.96 653.91 808.03 
143.99 152.52 259.84 641.81 812.52 
391.18 701.63 659.64 656.09 905.08 
680.85 443.21 147.75 388.43 793.68 
205.41 18.51 202.05 423.43 693.16 
874.61 796.62 611.34 15.68 486.46 
975.95 404.05 663.39 821.64 696.16 
499.25 759.28 833.29 91.64 75.1 
313.35 8.94 252.58 248.88 609.01 
224.25 291.03 758.96 268.18 502.73 
364.05 395.41 402.32 422.49 828.61 
733.87 828.3 73.57 932.24 615.81 
51.05 865.76 181.45 361.76 32.96 
161.98 393.82 34.6 135.81 247.35 
738.77 118.39 131.98 898.57 529.76 
613.35 144.11 884.5 410.71 443.34 
36.97 741.67 247.94 712.14 156.89 
425.44 172.99 161.32 759.82 523.27 
392.78 130.21 908.84 862.19 289.47 
868.75 331.0 430.26 750.44 394.81 
422.02 546.54 363.19 546.78 170.36 
986.12 822.69 598.76 833.7 172.08 
737.69 833.83 609.66 399.33 780.32 
547.09 905.88 343.94 441.21 469.21 
163.4 170.78 1.38 122.29 596.35 
435.38 937.93 937.6 22.0 186.09 
822.87 194.7 380.69 694.89 924.11 
65.68 0.09 177.49 10.64 98.41 
946.88 217.62 565.15 700.86 402.99 
802.34 953.21 378.23 699.88 439.94 
720.55 436.58 461.17 166.71 723.07 
386.57 2.22 1.39 630.83 718.61 
715.99 224.97 999.81 856.95 463.19 
31.16 207.31 630.99 487.37 439.58 
540.89 941.91 384.19 714.59 981.91 
140.92 732.83 491.4 942.83 751.99 
318.84 468.65 586.02 691.54 631.53 
642.31 961.33 532.03 884.83 376.81 
318.4 737.89 545.44 481.45 713.11 
265.29 761.73 603.95 488.32 358.27 
736.14 131.87 727.11 219.73 66.66 
554.48 334.86 156.78 898.98 783.2 
120.42 359.18 669.85 386.42 782.16 
255.87 277.05 11.26 696.0 549.4 
739.33 439.91 356.07 745.75 326.12 
856.62 383.7 843.23 614.91 999.28 
551.29 777.0 288.74 451.03 236.84 
64.09 412.84 177.55 179.02 589.93 
465.66 818.36 403.4 421.36 851.43 
67.27 991.3 390.24 287.07 680.78 
758.05 786.74 749.9 264.03 602.34 
787.69 253.05 833.09 733.24 565.46 
357.11 420.67 55.88 939.41 639.73 
167.82 197.23 95.46 582.48 627.4 
755.67 242.88 976.09 289.22 281.18 
745.97 814.31 968.98 752.69 772.77 
220.92 887.87 101.81 543.86 585.06 
69.08 832.03 99.53 897.69 293.24 
959.57 476.04 409.93 818.56 241.29 
687.91 408.03 2.74 757.09 510.34 
395.52 189.07 338.13 86.33 99.1 
11.02 380.58 657.7 226.26 211.65 
730.26 444.21 931.15 147.06 110.53 
473.73 343.5 182.7 358.62 97.14 
625.42 768.87 852.67 995.94 908.52 
797.19 95.76 660.06 483.48 285.71 
11.18 465.47 304.5 965.24 939.38 
642.21 801.84 893.67 395.54 711.42 
690.0 88.56 966.71 84.38 922.23 
89.36 441.87 89.3 825.05 606.72 
578.0 42.21 621.81 448.34 843.77 
770.13 711.09 149.09 638.29 233.62 
594.43 498.74 943.48 178.15 331.63 
375.05 128.85 245.88 313.6 506.4 
811.27 902.98 24.17 217.76 660.45 
133.58 41.89 831.89 687.48 481.38 
45.69 212.39 248.75 572.09 7.56 
653.47 447.93 532.98 5.72 536.66 
12.39 529.33 880.0 476.74 879.2 
370.05 50.2 797.82 298.38 501.47 
391.21 206.72 456.67 193.92 552.2 
551.87 235.16 526.19 807.0 329.2 
648.73 276.13 858.12 90.51 226.8 
236.8 599.41 459.31 349.45 276.03 
134.16 939.64 533.77 23.95 473.46 
770.4 333.32 268.22 733.35 388.8 
682.3 965.83 572.85 195.78 249.4 
345.45 133.68 696.99 25.22 97.33 
952.66 383.43 973.74 284.93 337.92 
518.3 21.4 228.66 908.92 698.88 
12.03 857.95 845.6 100.01 970.1 
995.65 384.04 502.9 190.76 991.24 
968.19 793.19 804.77 320.43 231.05 
350.65 397.97 931.92 659.39 965.22 
683.92 174.4 288.33 547.16 653.61 
616.47 214.2 171.28 254.77 627.17 
646.67 554.12 35.72 108.17 713.86 
299.56 482.92 86.97 859.73 479.71 
530.83 354.16 312.33 749.6 841.35 
199.28 453.6 739.5 854.7 971.04 
273.23 147.5 624.94 946.79 96.32 
853.02 846.79 818.44 38.46 186.79 
594.58 148.76 548.5 698.48 526.86 
212.43 760.29 380.41 237.23 573.37 
148.41 112.21 146.13 490.72 770.13 
134.71 372.08 211.38 23.95 241.07 
153.27 504.49 282.93 224.81 789.7 
374.38 551.45 502.45 394.71 588.53 
219.11 122.46 731.7 653.34 225.01 
506.78 765.71 469.52 472.07 43.99 
459.62 613.6 187.48 682.39 679.02 
987.13 66.31 440.86 859.7 251.77 
714.56 915.38 558.88 38.29 568.82 
494.94 349.65 812.76 122.56 988.67 
317.45 166.25 190.16 12.13 665.42 
207.47 515.04 272.48 96.31 719.07 
885.56 574.66 469.25 904.13 208.46 
575.91 345.42 527.84 916.93 709.41 
757.87 427.54 496.49 214.06 407.51 
654.07 830.84 476.21 315.71 985.13 
550.99 303.17 416.62 731.52 404.53 
706.47 467.02 776.66 224.08 76.35 
852.05 101.41 668.62 705.81 357.49 
477.53 496.18 240.53 952.11 725.1 
163.38 191.72 338.42 80.06 220.24 
334.59 706.89 682.46 807.73 402.29 
219.49 414.56 896.79 972.31 551.16 
749.6 274.71 735.73 927.23 646.53 
385.56 736.13 146.54 410.78 525.35 
661.24 326.02 506.0 934.47 745.26 
798.22 767.67 543.78 972.12 836.26 
958.86 489.55 903.5 826.05 980.44 
94.97 427.54 75.13 221.22 123.84 
246.14 391.68 405.51 415.76 921.9 
585.18 942.52 803.08 290.69 923.24 
196.03 194.28 798.45 407.69 903.83 
438.5 252.79 578.48 149.37 105.63 
427.11 426.82 975.67 611.81 282.04 
21.99 359.18 157.22 636.12 496.58 
598.92 859.72 455.18 846.36 181.01 
407.9 367.13 849.75 454.92 728.09 
845.08 818.34 817.83 746.77 367.09 
904.74 114.45 811.22 320.92 709.77 
415.55 793.65 257.82 642.34 236.76 
440.99 416.83 398.41 727.31 374.04 
225.33 949.35 2.58 573.13 114.01 
108.24 905.17 758.22 682.58 102.81 
321.94 385.53 905.87 116.92 116.06 
761.47 274.84 364.79 720.29 179.83 
16.78 418.41 276.19 462.71 814.4 
921.54 721.97 863.76 342.58 798.11 
487.86 170.58 469.12 7.93 13.59 
590.99 934.27 250.01 315.93 728.26 
712.65 790.27 296.13 835.49 912.33 
869.8 387.62 400.99 176.37 551.84 
63.76 406.62 430.7 622.07 50.66 
828.77 824.1 212.71 871.98 708.15 
595.89 960.36 472.86 817.07 592.64 
324.41 0.53 473.73 363.49 551.2 
956.34 358.98 440.86 705.21 134.12 
943.49 694.27 712.8 263.5 429.87 
631.22 244.68 879.95 434.9 162.11 
560.07 394.65 823.23 406.4 813.25 
838.0 864.68 598.18 608.38 432.99 
993.44 566.74 266.52 250.13 499.49 
869.91 656.01 631.24 473.63 87.4 
18.13 882.57 743.29 153.97 226.58 
278.76 433.19 621.13 747.86 222.27 
9.4 416.43 703.84 396.67 46.6 
878.78 405.27 706.2 859.58 932.83 
692.82 124.11 117.42 378.27 228.34 
144.86 924.68 742.37 401.63 162.45 
641.32 274.26 359.91 90.5 843.99 
171.97 374.13 559.65 36.56 730.66 
713.57 890.42 355.74 764.12 450.37 
654.62 246.12 633.35 1.71 457.62 
664.54 135.82 563.41 907.08 627.22 
163.75 512.6 603.45 776.65 613.23 
745.76 184.35 122.35 790.33 957.44 
121.92 864.84 617.43 222.7 342.03 
318.38 513.75 279.89 926.71 225.08 
111.09 790.78 828.62 492.87 703.47 
170.07 591.54 395.11 979.95 824.94 
243.25 868.55 281.93 852.76 338.64 
723.65 687.73 658.11 398.28 320.57 
937.25 467.87 820.15 747.86 898.05 
533.98 964.45 964.71 617.62 74.35 
109.22 250.84 673.86 369.02 579.39 
675.39 727.58 610.04 864.15 141.34 
66.65 914.61 223.24 359.34 991.28 
731.55 441.1 331.31 943.54 789.75 
814.88 818.81 475.77 575.71 505.24 
54.93 99.19 114.32 449.39 657.07 
722.45 509.89 218.52 561.13 1.59 
150.76 600.63 208.56 257.44 230.22 
939.89 497.41 304.42 354.4 362.34 
734.83 50.81 584.59 754.83 45.42 
783.4 48.75 290.92 749.44 23.79 
329.55 901.3 809.88 817.2 689.16 
686.49 466.42 404.41 855.9 473.51 
944.68 121.84 511.76 384.86 285.61 
928.5 647.03 333.5 362.78 638.4 
301.25 744.04 622.58 638.56 117.24 
554.77 974.42 618.38 36.47 250.88 
39.66 760.8 336.88 489.53 856.22 
635.19 973.53 991.07 863.3 730.85 
107.51 289.79 628.84 252.08 354.26 
784.18 30.83 366.64 831.37 615.9 
515.67 67.37 666.28 724.65 864.2 
627.56 718.42 303.33 676.51 588.83 
325.69 456.41 629.8 483.82 188.07 
904.5 775.48 329.51 864.36 656.72 
466.71 66.22 42.11 52.08 530.33 
993.8 31.74 264.86 279.39 253.5 
699.99 846.53 440.66 145.39 958.64 
609.52 148.24 553.09 203.66 114.55 
919.59 103.62 293.23 344.34 875.89 
138.0 787.54 628.79 475.7 321.79 
339.79 342.61 384.87 896.06 109.21 
372.96 519.89 788.17 82.35 886.56 
917.91 719.16 218.47 581.76 188.03 
179.94 401.4 644.86 525.56 32.61 
237.25 472.87 688.57 722.39 682.39 
816.65 494.81 253.85 322.56 228.23 
618.82 245.24 872.19 648.74 96.22 
748.22 192.21 736.81 415.82 831.67 
636.41 709.56 18.99 214.47 86.83 
162.24 230.25 881.21 7.75 740.59 
972.21 248.78 219.33 673.39 552.28 
685.32 908.5 204.07 356.57 698.32 
793.9 718.98 812.4 94.9 451.06 
494.14 762.48 800.11 262.84 788.6 
433.42 510.55 111.81 281.56 446.21 
346.3 727.53 203.17 111.95 990.24 
786.83 649.83 990.87 920.7 503.27 
757.58 765.67 399.93 646.42 961.2 
367.84 608.58 201.58 486.26 180.03 
279.48 906.82 326.54 106.8 645.46 
927.07 764.7 724.63 439.98 575.41 
933.87 76.32 991.16 185.45 771.19 
190.52 458.46 161.57 647.77 609.01 
540.28 106.3 713.14 364.27 279.4 
116.92 171.68 585.2 202.26 94.89 
122.63 731.23 850.99 462.14 851.95 
687.58 225.84 217.16 644.69 916.95 
830.33 926.98 310.39 355.52 484.04 
350.99 385.21 967.32 478.45 709.02 
502.27 577.08 933.54 611.35 201.34 
689.18 243.48 420.74 482.05 272.01 
674.11 560.7 507.87 974.88 378.12 
359.41 308.43 693.37 798.5 444.11 
127.12 972.8 738.01 666.46 377.2 
232.57 1.74 549.86 168.1 963.23 
328.15 522.0 279.04 506.53 165.03 
158.42 689.41 604.64 746.02 664.07 
237.02 721.03 896.06 173.62 420.24 
614.77 957.57 464.75 461.94 33.05 
701.95 72.57 564.38 389.74 125.08 
583.43 151.69 602.33 221.7 774.69 
148.93 66.92 659.43 436.65 475.3 
656.89 994.32 257.47 992.09 743.43 
808.42 120.35 562.03 508.02 488.96 
96.99 102.6 904.07 439.6 491.81 
528.98 702.94 753.57 729.7 737.7 
819.59 381.55 212.66 707.57 618.17 
477.17 833.99 607.55 260.8 213.61 
886.72 473.2 383.8 131.23 38.28 
712.64 205.75 21.42 772.16 236.3 
589.72 149.28 498.91 64.55 936.89 
14.84 580.16 751.41 26.37 132.57 
422.93 140.44 418.49 892.41 719.93 
230.92 301.43 995.04 435.33 869.06 
876.74 430.4 275.17 150.07 105.66 
763.03 961.7 980.92 259.7 56.56 
744.16 334.59 866.16 122.19 176.21 
346.36 342.42 864.68 722.42 988.8 
536.61 80.91 273.08 231.62 433.11 
286.43 914.72 386.1 812.66 668.36 
538.39 625.89 19.07 788.05 754.2 
342.91 580.68 767.83 350.29 991.97 
603.26 514.45 22.76 203.21 697.33 
559.54 711.42 695.04 518.34 8.5 
681.72 795.79 317.47 702.51 83.37 
593.83 63.72 93.44 733.96 300.02 
40.57 465.23 445.7 10.03 218.74 
579.93 986.73 950.59 401.91 870.25 
106.7 750.22 653.55 281.66 537.86 
444.58 613.94 453.5 942.96 62.49 
152.08 534.9 597.08 560.21 880.56 
424.26 95.52 845.82 118.47 819.94 
520.45 834.32 602.27 529.12 382.61 
746.0 55.93 981.66 486.83 494.72 
786.46 427.96 304.99 541.03 77.14 
872.03 339.64 86.04 393.88 764.6 
920.83 564.17 662.28 624.27 183.0 
590.07 331.39 106.8 926.91 715.18 
748.44 198.8 969.42 425.25 276.75 
150.53 496.28 369.26 509.97 913.32 
861.56 442.83 196.73 800.46 322.02 
375.64 637.4 400.43 346.66 617.55 
471.77 799.04 329.8 519.85 88.36 
753.57 192.3 1.15 875.48 589.29 
902.93 424.69 414.67 887.78 704.31 
328.84 689.15 221.06 456.03 344.72 
477.27 633.99 699.35 495.89 396.67 
63.27 164.5 277.37 66.74 272.13 
267.78 977.71 187.03 378.06 923.96 
524.77 811.93 284.56 568.59 767.84 
94.52 255.29 164.4 63.62 516.01 
449.75 928.26 641.05 356.56 273.63 
378.55 470.03 591.4 423.69 721.65 
428.92 384.86 809.85 569.68 15.28 
273.04 994.84 215.48 300.83 832.1 
500.53 653.83 974.92 688.44 546.61 
422.43 549.16 964.69 398.31 991.95 
274.93 786.3 754.37 596.72 673.52 
642.24 46.49 206.27 475.75 627.02 
398.09 900.21 443.87 689.48 147.42 
922.89 257.78 557.29 504.55 961.07 
850.59 435.35 961.63 726.22 153.78 
493.72 135.76 541.03 732.15 638.74 
600.89 290.28 621.0 277.72 304.97 
203.87 232.85 912.04 855.13 527.42 
142.17 939.98 526.29 204.1 929.9 
954.97 633.77 233.51 210.86 650.32 
246.62 411.15 546.48 371.99 311.79 
752.63 509.86 332.92 384.62 576.53 
688.75 491.39 570.73 24.51 845.87 
71.14 587.69 187.77 363.3 823.74 
106.97 575.79 379.78 635.84 438.03 
465.87 752.74 710.64 713.96 687.03 
413.71 105.03 502.98 60.48 300.2 
756.38 91.04 717.09 324.64 115.42 
702.49 768.97 872.91 669.92 933.69 
723.2 548.85 809.37 407.03 984.74 
260.64 265.91 424.19 751.5 469.78 
443.66 99.65 66.2 394.43 639.13 
175.89 752.73 641.3 975.9 78.66 
256.28 527.71 341.45 789.35 135.42 
421.85 526.37 204.93 203.8 168.44 
690.97 568.31 946.85 838.52 11.38 
702.06 398.34 234.41 908.35 530.05 
572.61 112.71 241.2 622.76 732.09 
819.24 872.33 198.59 820.23 568.75 
172.88 368.72 284.23 367.4 610.56 
380.17 228.97 430.14 549.56 674.48 
444.34 642.5 851.55 857.71 472.17 
304.96 434.54 435.18 238.28 69.52 
285.99 587.15 720.38 197.98 864.88 
552.81 704.46 27.33 144.39 404.1 
242.77 126.28 811.27 372.66 542.49 
462.16 950.16 516.14 111.68 762.38 
206.88 436.24 856.38 406.88 368.4 
873.67 670.27 899.92 231.31 310.77 
91.14 388.49 283.89 669.67 543.4 
522.46 585.68 51.35 876.35 509.01 
996.91 703.62 126.46 426.35 124.94 
965.29 464.43 243.25 844.25 570.64 
637.85 45.2 873.65 744.48 106.55 
453.77 521.07 370.8 926.62 485.52 
136.81 649.87 750.43 656.45 720.42 
44.85 429.6 954.86 86.73 248.7 
539.56 751.62 449.54 653.88 765.83 
491.32 306.61 305.42 124.8 515.56 
478.76 614.38 367.44 650.73 460.34 
921.64 477.87 385.53 532.55 593.89 
34.64 309.93 22.01 768.94 288.22 
729.58 443.28 863.89 214.85 240.85 
235.9 231.62 617.01 773.43 678.68 
119.24 743.48 411.93 358.45 235.81 
195.69 981.15 434.99 785.75 378.63 
765.98 549.99 891.46 419.8 167.2 
266.27 653.62 37.87 227.54 299.7 
56.82 765.16 597.87 232.85 664.27 
657.83 939.86 839.95 31.72 12.56 
748.06 541.81 308.3 294.72 241.4 
913.2 89.44 532.07 156.61 206.17 
904.31 765.46 652.17 744.39 239.27 
380.81 758.26 462.42 262.26 579.87 
637.45 707.73 637.88 212.51 839.8 
880.83 786.3 597.11 602.19 918.05 
242.91 804.95 783.86 386.35 188.24 
455.35 176.2 957.76 580.52 792.23 
566.61 643.51 337.24 578.2 431.13 
720.41 43.64 618.31 380.18 773.94 
820.45 949.48 337.28 872.18 882.4 
18.13 432.93 263.87 313.33 264.09 
53.96 324.83 874.47 284.51 664.29 
450.65 315.92 888.31 539.32 665.3 
260.46 400.56 713.76 171.81 527.65 
430.32 673.08 569.38 177.98 805.79 
258.57 238.15 85.59 649.6 947.21 
736.78 912.34 565.37 840.52 794.77 
365.9 408.06 787.25 252.15 840.6 
675.16 442.17 593.26 47.13 772.16 
334.66 509.44 33.17 646.56 473.31 
998.31 713.05 536.83 208.59 541.73 
249.31 765.6 230.98 486.86 955.33 
668.31 313.74 113.29 413.67 737.28 
355.86 657.23 824.42 157.83 2.8 
967.62 553.43 364.51 359.15 740.81 
558.24 296.47 668.11 706.15 450.36 
812.46 25.47 808.51 398.5 808.87 
550.89 820.79 912.37 563.65 219.37 
206.27 511.97 637.63 85.96 606.61 
676.17 787.07 144.33 854.23 456.77 
753.12 911.7 213.98 561.18 470.87 
11.49 717.45 941.67 339.5 767.92 
538.5 100.67 685.26 728.93 171.79 
258.76 190.87 171.74 251.93 114.45 
672.28 35.06 546.14 427.11 323.68 
123.25 226.58 416.33 319.18 38.83 
364.59 210.01 180.75 212.5 11.2 
632.36 650.16 856.79 939.52 285.64 
193.35 864.08 612.88 60.9 87.43 
910.7 598.12 710.49 141.2 786.03 
651.55 510.55 375.03 352.18 4.98 
169.79 920.49 873.52 8.72 105.92 
124.79 614.87 191.28 726.66 172.47 
539.76 315.81 63.52 497.62 770.03 
49.56 503.49 565.17 467.12 695.38 
231.07 258.98 66.88 355.57 358.63 
970.21 954.33 754.78 43.95 695.47 
537.2 439.82 393.34 599.08 261.58 
984.53 350.34 463.39 520.39 326.68 
9.88 331.0 545.97 742.84 127.88 
200.51 848.01 787.17 7.23 466.95 
485.55 691.61 396.54 171.64 82.45 
614.19 235.79 564.98 216.86 41.79 
711.67 612.42 313.0 289.6 2.97 
473.16 740.58 282.67 80.02 130.94 
698.76 595.75 974.67 432.49 784.5 
864.42 960.7 358.83 785.6 230.95 
878.76 142.06 693.83 577.41 842.23 
357.52 376.51 440.61 937.25 96.5 
970.21 523.62 703.66 540.8 146.28 
407.24 321.1 109.93 65.99 483.6 
373.17 735.98 595.17 479.51 205.76 
355.97 834.29 148.2 577.08 460.23 
718.81 76.75 207.97 391.57 759.45 
214.98 112.23 311.7 636.01 470.14 
400.33 18.74 393.86 665.6 940.48 
970.46 771.01 616.24 199.3 740.77 
244.21 264.62 656.4 737.55 733.65 
169.35 586.31 759.14 625.66 512.54 
503.9 414.04 222.46 933.69 307.94 
3.09 111.42 727.75 154.35 448.84 
364.41 328.85 725.56 879.37 93.68 
585.66 249.63 589.94 399.52 607.93 
605.01 96.02 377.92 523.6 567.62 
55.59 62.9 509.96 648.09 426.94 
476.65 800.05 397.07 121.87 500.83 
510.53 988.97 255.81 876.08 159.21 
937.05 488.8 21.66 152.73 616.22 
496.8 414.73 697.91 166.77 366.2 
493.09 337.04 592.71 182.82 192.01 
220.17 958.31 157.96 46.52 522.21 
292.31 256.97 77.72 515.02 960.36 
483.81 697.33 287.15 666.77 961.04 
316.12 625.48 956.56 810.92 48.57 
193.22 402.99 320.43 450.54 221.07 
175.19 46.93 322.73 171.37 282.06 
251.54 451.14 854.46 746.72 937.35 
284.25 511.29 638.63 801.56 342.66 
952.68 852.44 835.12 12.8 717.02 
555.95 799.8 320.48 234.92 699.03 
473.0 538.72 218.78 340.54 180.82 
157.0 705.99 130.86 806.61 408.72 
824.36 286.01 671.89 283.64 196.15 
627.59 244.77 98.75 729.85 197.64 
770.61 545.71 875.34 260.86 171.64 
635.71 516.45 655.81 396.22 374.81 
875.57 208.96 343.93 525.48 739.56 
151.27 18.11 430.03 684.02 114.26 
270.12 591.69 904.04 605.76 942.67 
100.26 102.43 498.66 620.84 693.3 
779.09 929.97 481.87 841.01 882.92 
579.83 736.37 634.59 452.9 320.24 
902.19 155.59 708.88 64.41 143.68 
266.56 19.24 118.89 238.65 165.43 
292.59 979.23 90.4 182.74 370.67 
504.77 396.69 163.26 376.51 821.38 
884.67 844.4 763.99 476.02 542.46 
893.53 220.9 836.71 478.44 239.27 
293.05 913.03 895.12 620.19 942.03 
914.7 294.48 353.27 128.49 896.7 
565.03 108.2 160.64 828.74 219.47 
557.56 264.42 326.04 177.41 775.35 
214.1 756.79 843.2 109.73 845.34 
984.6 699.16 402.77 601.51 677.12 
784.3 118.8 257.77 587.05 403.45 
229.52 911.13 125.58 723.1 912.98 
922.29 375.39 471.65 577.09 607.49 
175.82 434.78 856.61 21.95 743.78 
781.26 707.9 170.88 961.36 728.49 
443.69 888.85 572.26 221.88 791.87 
876.78 401.1 871.5 642.0 663.66 
388.3 206.66 958.32 382.27 180.28 
37.38 750.64 112.11 783.95 903.11 
740.47 955.88 747.17 701.75 648.49 
555.54 983.18 515.56 569.15 939.44 
89.64 377.89 367.21 467.87 215.65 
903.92 482.61 461.31 118.75 101.92 
627.07 464.63 329.65 798.49 296.25 
347.25 904.08 701.74 557.04 954.65 
302.67 774.29 849.03 212.33 839.56 
172.93 962.8 938.83 221.1 514.4 
320.24 88.53 185.87 660.35 612.84 
814.78 95.01 111.26 46.41 937.19 
624.3 927.15 343.0 197.86 682.83 
418.89 231.35 991.8 536.38 141.54 
575.66 409.21 255.61 342.72 407.72 
793.73 563.81 525.37 831.26 931.17 
82.4 742.2 278.28 674.59 998.85 
346.4 133.94 398.58 102.84 677.62 
62.43 984.79 399.08 417.83 287.52 
352.02 297.1 496.07 994.96 427.26 
125.21 556.98 671.79 666.03 497.81 
622.48 334.0 327.45 296.58 697.26 
303.2 607.15 188.59 155.73 833.73 
551.06 693.6 724.55 440.83 789.51 
788.18 280.5 62.9 617.7 985.15 
92.61 692.78 30.64 912.93 615.36 
735.03 72.91 933.51 820.75 413.57 
813.95 862.36 992.76 908.69 433.67 
853.45 896.58 573.26 177.35 489.53 
886.38 224.46 41.97 511.34 658.81 
24.57 79.9 154.63 718.52 935.76 
72.72 530.97 426.25 448.74 632.78 
189.27 444.73 979.04 526.8 586.0 
595.15 934.41 52.15 100.23 874.28 
118.78 452.69 192.32 689.64 612.36 
318.79 823.73 234.84 860.55 898.33 
532.18 570.48 693.83 830.47 730.83 
594.31 69.64 80.35 724.99 785.35 
106.27 38.23 522.84 867.82 605.88 
525.35 897.08 521.84 829.77 883.71 
746.72 132.17 899.53 826.67 417.61 
40.76 847.65 63.39 41.77 491.31 
285.67 951.43 697.11 26.04 573.86 
672.76 388.13 411.31 775.15 696.69 
861.1 582.25 394.88 948.51 621.71 
217.6 625.38 274.0 596.66 250.82 
596.57 696.84 18.98 364.99 615.1 
986.24 553.64 584.45 554.42 12.55 
967.39 116.27 201.92 364.88 390.41 
935.6 104.05 394.93 757.36 100.37 
620.45 472.76 780.57 818.27 406.65 
578.7 427.56 464.49 177.99 10.31 
329.11 395.56 760.1 885.63 276.95 
250.65 880.72 361.35 881.08 697.92 
46.09 144.28 653.81 10.36 658.63 
545.05 926.48 850.13 801.16 83.79 
883.56 997.46 413.63 952.09 183.1 
756.19 877.91 113.53 421.59 812.81 
296.26 716.29 628.82 813.92 393.92 
16.52 213.53 439.73 736.44 48.89 
458.28 721.73 505.63 132.9 805.51 
906.03 943.7 749.57 843.07 410.56 
449.97 977.28 800.81 676.4 79.62 
760.22 319.5 438.76 918.6 202.83 
829.23 949.39 200.64 103.67 481.58 
759.46 40.48 968.96 327.88 494.0 
66.5 626.64 100.63 479.72 290.63 
987.71 487.76 567.39 351.4 999.93 
189.3 127.75 412.75 781.07 333.07 
261.35 353.68 222.94 512.15 317.17 
315.8 180.36 284.12 415.3 831.39 
848.64 305.42 185.92 56.71 625.23 
682.7 698.49 435.62 423.96 707.13 
377.18 104.4 218.35 810.92 526.57 
675.21 764.06 820.19 405.85 417.74 
53.95 697.88 585.63 716.26 524.07 
769.48 924.68 914.69 631.95 164.45 
260.16 409.71 533.74 351.19 779.06 
191.16 399.33 154.68 84.42 12.86 
474.89 898.6 343.81 529.36 624.85 
9.92 259.92 684.33 207.69 426.82 
467.13 793.89 295.34 784.8 22.47 
874.36 770.87 960.25 684.55 604.51 
795.73 310.93 881.11 129.42 230.91 
517.13 697.3 827.5 645.22 385.63 
678.14 157.28 984.8 102.05 120.79 
946.94 909.59 622.96 951.19 686.8 
162.14 943.26 279.17 816.92 906.68 
513.21 844.9 114.26 575.8 63.33 
220.39 392.2 809.56 633.44 564.98 
736.87 740.1 539.9 785.81 606.88 
769.91 547.95 326.75 946.72 149.2 
450.72 872.45 136.55 456.69 725.71 
347.17 67.94 209.27 397.58 739.89 
313.5 0.38 915.03 44.78 872.94 
833.86 207.2 810.29 600.72 254.27 
92.04 674.64 360.44 871.29 572.68 
310.84 410.65 873.17 425.68 740.8 
796.81 724.43 489.01 901.55 898.32 
684.21 797.57 69.23 864.5 103.21 
140.65 942.54 137.29 565.01 73.57 
148.91 63.02 316.78 850.57 151.83 
325.24 284.11 483.37 748.61 221.1 
119.02 691.84 954.84 769.31 708.64 
545.78 875.87 510.89 725.04 691.9 
533.53 775.02 610.04 240.67 863.62 
671.92 595.12 374.3 758.24 198.07 
524.78 530.05 708.24 576.17 860.17 
943.71 345.85 923.55 166.47 682.0 
716.53 380.21 273.64 541.61 431.16 
391.57 361.59 107.85 859.44 899.45 
186.88 912.32 356.62 862.66 440.65 
249.79 49.96 444.19 932.63 738.55 
304.55 701.97 440.43 973.21 600.2 
675.69 512.84 497.77 760.1 460.16 
385.74 453.32 67.67 732.81 605.76 
110.31 408.89 611.36 269.84 517.01 
38.94 58.87 898.59 229.07 58.15 
867.89 332.74 428.33 522.78 195.21 
22.32 53.22 297.9 73.45 374.5 
831.34 294.92 240.74 776.15 272.37 
0.48 257.34 147.97 187.3 221.51 
567.69 887.65 136.87 211.66 575.91 
243.71 100.45 356.59 893.7 390.16 
333.28 12.94 614.5 361.07 929.94 
183.6 227.2 725.18 98.0 202.18 
699.88 517.39 270.7 991.4 931.81 
938.07 402.18 690.37 689.21 508.91 
469.09 102.06 879.85 428.04 721.97 
190.13 478.7 179.88 188.8 338.94 
348.73 936.2 364.06 644.06 279.24 
54.03 721.71 242.94 333.14 944.31 
775.33 113.2 979.44 252.2 733.55 
227.83 235.47 182.0 939.64 531.62 
641.58 189.18 371.2 272.59 209.53 
742.19 985.92 17.46 939.04 78.77 
166.07 45.38 905.36 697.71 339.62 
424.44 794.88 702.97 570.19 621.53 
941.26 896.81 359.84 445.48 220.55 
387.27 385.18 361.45 254.64 720.12 
984.31 59.82 118.02 714.53 793.39 
199.54 686.42 357.47 406.64 106.78 
876.22 166.23 976.12 931.24 757.5 
391.06 862.79 177.56 745.52 83.85 
246.18 407.52 198.39 366.52 468.12 
211.05 759.83 974.76 451.28 422.27 
207.12 267.84 767.8 502.14 647.4 
43.98 657.51 282.62 62.5 365.88 
871.53 584.79 710.98 504.28 715.12 
931.2 137.72 845.79 533.88 239.35 
326.87 586.4 804.46 953.49 347.2 
444.61 990.64 560.84 755.53 327.79 
414.52 250.09 279.45 763.57 566.86 
573.62 644.82 898.45 373.53 560.04 
334.55 671.7 790.12 895.39 242.93 
336.13 533.1 503.94 676.54 657.69 
121.52 767.38 663.14 319.46 265.81 
732.6 748.53 342.33 60.76 447.98 
972.21 305.54 978.92 691.79 549.33 
156.57 356.87 150.05 941.09 919.45 
668.94 163.52 237.17 718.0 228.17 
935.57 903.99 142.87 258.55 72.05 
586.86 658.07 12.31 749.49 961.18 
937.77 789.59 522.93 27.59 309.48 
420.12 775.23 409.5 463.04 728.97 
36.67 747.39 729.76 856.32 47.54 
416.56 579.09 96.64 292.82 445.19 
526.7 6.55 46.99 747.4 40.53 
233.47 859.14 147.49 40.98 156.89 
161.23 245.72 725.6 927.23 201.71 
520.97 724.42 10.59 565.73 738.04 
674.3 310.54 423.69 236.62 824.91 
66.79 487.83 832.22 285.14 404.13 
123.41 89.5 133.74 316.05 433.62 
612.39 607.38 245.52 161.18 106.38 
320.21 85.13 42.81 446.69 730.17 
723.79 208.04 930.05 851.24 515.93 
811.9 964.94 650.68 803.09 139.96 
70.26 978.77 21.25 539.55 90.23 
286.2 656.51 397.59 929.97 764.68 
745.44 266.83 939.27 60.98 52.56 
64.22 893.9 204.14 153.43 532.76 
47.03 881.54 950.05 61.9 815.46 
695.94 127.08 810.39 904.09 955.4 
734.89 462.34 425.27 185.5 746.07 
555.31 618.7 521.7 514.41 140.54 
488.93 667.48 811.29 834.29 7.96 
312.39 281.31 942.4 138.55 450.45 
915.52 738.79 535.4 538.4 189.74 
57.78 768.81 720.0 182.42 357.25 
838.3 641.59 241.34 811.78 244.11 
461.01 798.88 546.2 703.31 494.66 
923.21 19.37 768.57 966.61 390.5 
722.7 547.52 557.04 383.71 130.92 
785.54 680.9 854.1 43.74 401.88 
603.1 369.54 81.24 919.13 854.41 
848.92 588.66 29.47 483.04 979.03 
698.66 972.72 612.93 878.86 557.05 
433.95 954.42 902.18 309.43 480.78 
99.0 955.06 821.69 460.45 773.96 
357.54 699.99 334.67 704.72 977.24 
740.28 466.16 913.15 913.81 251.7 
739.1 181.55 863.02 828.54 250.94 
97.63 774.96 421.44 31.35 245.76 
597.76 272.91 836.51 702.66 157.53 
361.92 650.96 592.22 697.71 931.11 
777.09 902.74 265.88 456.75 263.07 
537.01 375.15 537.83 174.72 933.04 
289.22 369.79 664.54 855.05 261.45 
88.03 227.74 349.06 858.18 743.84 
635.6 508.47 168.0 154.58 300.36 
414.87 572.92 65.54 551.26 31.32 
196.03 135.51 962.53 622.45 441.69 
979.36 480.58 550.45 500.93 62.78 
527.42 822.85 73.5 997.53 222.02 
792.38 955.81 985.97 417.26 687.08 
873.77 556.77 982.02 647.86 516.69 
484.54 474.19 62.41 343.92 149.44 
577.56 685.96 52.34 183.48 768.94 
958.29 463.14 188.76 190.61 481.6 
670.58 19.64 654.28 980.85 253.3 
112.04 849.64 495.71 411.03 915.06 
414.78 355.32 51.5 152.52 422.22 
271.34 417.92 362.74 657.24 217.06 
594.93 676.36 922.52 922.86 788.19 
548.04 983.24 961.98 859.08 416.23 
546.16 723.58 141.82 325.47 352.36 
222.75 725.34 939.11 954.26 555.99 
410.74 9.98 731.13 60.43 861.02 
417.52 778.53 25.62 3.79 956.14 
919.28 873.65 536.73 690.92 350.36 
546.88 426.48 144.19 955.75 199.78 
928.59 334.48 347.95 248.41 781.57 
402.48 404.94 498.12 272.55 2.3 
659.46 942.36 403.35 187.38 249.5 
322.83 647.7 36.94 632.48 701.8 
620.53 647.98 825.61 977.01 147.47 
902.6 642.2 225.65 847.68 790.63 
468.3 196.88 667.63 647.7 320.51 
446.48 779.5 819.12 476.45 605.23 
800.69 975.23 468.1 501.14 804.73 
591.74 565.07 853.99 414.26 794.68 
949.4 768.64 854.61 379.18 953.57 
866.2 586.09 362.95 903.2 751.33 
199.73 273.49 566.02 888.09 366.32 
794.5 7.56 127.4 855.22 731.81 
189.77 938.61 565.49 351.26 465.9 
166.99 804.27 584.02 799.39 690.75 
93.84 165.87 713.29 469.49 578.59 
508.73 839.19 505.92 486.29 288.66 
227.71 694.51 529.51 886.03 131.66 
241.29 648.37 101.66 730.25 757.52 
652.22 825.89 365.62 55.36 25.7 
841.73 263.49 386.85 740.19 495.21 
647.61 730.47 391.24 477.26 811.14 
105.9 418.22 747.09 363.19 827.8 
243.91 759.08 807.63 58.44 10.77 
893.84 965.23 31.06 150.98 818.7 
883.72 302.64 917.88 896.67 445.97 
650.3 39.13 517.98 34.77 0.08 
126.21 313.77 616.54 698.01 911.17 
202.98 184.39 826.58 373.78 20.76 
47.83 405.96 443.25 24.91 300.03 
394.34 77.15 788.0 653.63 398.03 
146.13 262.48 232.87 981.25 31.34 
484.7 272.05 527.69 93.57 21.65 
71.97 859.7 639.61 255.58 213.51 
311.22 517.82 193.21 936.08 166.62 
70.27 733.55 17.98 424.81 906.05 
52.61 179.86 965.38 295.26 556.22 
696.78 874.35 831.66 337.17 919.39 
526.68 170.46 184.12 616.13 228.04 
964.72 877.66 839.22 510.95 496.93 
416.18 149.99 984.19 698.15 637.82 
377.61 843.56 79.62 535.99 239.55 
253.24 378.82 288.96 42.73 751.0 
819.84 576.19 736.84 208.69 810.48 
581.65 198.81 760.94 729.84 973.85 
961.83 634.9 275.06 659.11 68.46 
351.49 240.06 365.42 384.67 613.57 
819.58 432.26 517.04 474.58 527.88 
332.48 870.91 251.2 650.68 563.17 
398.59 985.74 632.41 53.77 33.23 
804.14 272.6 893.11 475.63 598.16 
552.35 686.28 435.18 86.29 932.49 
708.47 137.06 672.54 705.18 287.02 
897.9 115.27 987.53 925.28 476.12 
74.56 696.27 330.92 946.57 727.75 
463.78 151.79 938.49 729.49 171.57 
948.3 406.67 742.27 746.0 125.36 
588.97 860.85 456.52 418.56 311.55 
990.79 360.18 987.75 375.0 804.6 
271.3 824.15 604.81 193.86 652.97 
465.41 201.0 572.41 105.01 977.34 
723.66 655.32 649.43 437.1 951.49 
752.54 626.79 200.21 124.6 408.57 
542.25 994.91 981.48 969.79 691.58 
716.82 304.51 806.05 952.15 586.04 
712.48 151.31 245.07 11.55 716.54 
337.37 46.78 430.02 648.81 857.24 
843.75 529.89 604.99 267.96 246.02 
49.91 419.75 780.38 440.78 395.2 
606.6 138.69 879.97 819.59 633.88 
914.87 19.39 225.69 820.98 429.21 
242.27 60.61 502.29 261.33 498.22 
95.53 435.37 450.82 776.18 205.01 
579.62 821.34 199.63 92.03 98.06 
427.46 297.93 236.12 529.24 522.1 
168.37 159.66 156.0 586.17 624.23 
876.57 317.74 433.2 615.3 990.04 
